96.4597 50.1442
-193.827 -43.71
3.88366 160.703
-10.6167 -61.945
-227.794 -29.3867
-749.033 -344.892
-12.7994 -1098.31
-89.773 -228.683
31.1443 225.768
12.9119 30.2918
98.3127 50.6961
5.51921 -64.4302
0.459059 -494.054
19.0387 -576.232
3.99132 -76.6538
-82.8593 -642.966
12.7682 415.302
-150.774 -188.412
-14.0089 -1552.01
-4.01248 131.787
-77.6554 -52.583
-18.3909 -77.6114
130.163 -38.3754
-166.391 76.2346
-54.691 -463.635
92.9048 22.9589
-5.14907 -270.743
-31.9178 -64.3876
-81.5804 -32.6444
-5.83376 -12.428
24.4809 -227.619
-133.908 -131.432
-56.379 -93.5935
21.6837 24.2133
-288.113 -1084.14
-1003.36 -84.0908
576.497 54.8932
15.8646 -423.132
759.531 30.7029
-373.802 -195.242
-342.052 -111.028
-102.882 -187.167
-131.65 -164.268
-49.1347 -52.9397
118.747 86.9825
-303.164 -42.9069
-191.967 -74.0665
-11.5161 -419.853
-63.8711 -281.651
94.8912 87.087
158.486 70.8139
20.1699 2.75359
-25.376 -49.6242
-90.4776 -163.779
9.36323 328.512
-79.7072 -41.9841
22.5551 -80.4263
-43.4377 -388.384
-292.093 -546.747
32.3701 -71.2182
79.2555 86.8424
-285.359 -73.3438
-158.924 0.618396
195.54 20.8193
71.2734 97.3718
169.429 140.28
77.4512 118.576
-22.4814 2.29303
-37.9967 -139.212
18.519 214.576
74.1608 56.1303
50.0469 -30.1881
-102.433 -127.319
5.20794 -103.298
-36.8478 -21.8759
54.9229 -412.914
75.7715 249.493
-99.6904 -69.5516
59.6784 15.4733
79.538 30.891
99.427 -32.7935
259.847 22.69
-289.1 -102.675
62.907 104.192
158.511 -227.741
180.642 -0.809063
6.5601 59.6307
-301.49 25.2806
-35.6886 -16.3554
-41.4362 -273.148
-65.4713 -35.1934
25.3089 -288.876
-102.119 -236.587
-25.3018 2.3663
-170.564 255.429
148.555 -422.097
40.9582 -71.1506
638.14 -63.5077
154.768 131.541
9.10964 511.352
0.458632 -573.168
-64.8129 -220.452
11.5942 -64.4931
-55.5298 63.8169
-13.7755 -5.57903
-70.2252 -102.199
-58.4384 -381.314
-41.9532 -390.871
1.68099 -5.39492
-333.287 -128.996
121.754 -21.7205
-43.1742 -19.4877
33.705 255.644
12.5399 184.931
-1.03972 -110.603
-31.6093 -82.1205
-11.1214 -126.115
50.9266 -24.4782
-301.838 -173.592
-27.7551 -14.7972
-87.3597 -776.897
-75.4443 -616.034
-19.0926 -51.7191
-111.554 -77.3944
95.4678 121.544
-306.222 -55.3273
-43.135 -120.424
-0.994383 -76.626
-11.3439 -188.416
-65.8405 -220.348
-80.8595 61.9087
-19.9749 29.0392
98.8422 23.7076
103.862 -67.7133
57.4918 119.999
-19.3458 -136.485
-86.5623 -117.658
70.0227 -5.90415
52.0297 -7.3911
-241.419 -64.6344
-24.9782 36.1599
-16.8416 -94.3508
102.822 17.4612
-144.987 -96.24
49.6315 -65.5849
10.1196 -119.908
17.3452 273.05
-186.123 -84.5644
36.8352 14.2934
1.43252 30.7593
-72.3723 -171.22
-41.0681 -147.46
-42.1041 195.757
-138.908 -104.414
-53.7003 -9.63855
-23.6132 -284.246
-179.61 -5.93097
-628.684 6.17273
-245.728 -12.4786
-275.941 -51.4105
-308.338 -23.4734
36.8535 444.244
-109.196 -150.695
9.04145 133.891
-149.859 -5.3867
-7.83881 -488.937
57.2618 241.435
-126.981 -116.579
-57.4433 -135.337
1.5368 -1836.1
-4.86261 -683.426
55.6501 -751.291
-36.8107 291.628
190.941 68.45
322.388 64.3495
-73.9812 -37.0745
-72.4949 -304.342
61.3188 -68.3531
-2.38512 55.3723
-14.6608 441.77
-177.877 -177.576
6.06 178.17
-18.2512 -255.731
87.5733 157.896
-66.5941 -28.3589
107.935 177.816
-28.3312 13.1767
20.6723 182.329
4.32876 9.54848
-120.612 -540.373
243.84 -65.0565
33.8856 -62.7431
-51.1434 -346.689
-249.314 163.408
-46.0197 -294.486
388.135 -3.75652
138.657 -21.6798
-119.965 1291.44
-24.4664 -82.0641
-3.66841 -0.853514
-1.38257 -1978.56
28.842 16.7331
12.7357 -51.1223
82.873 88.0167
-1.55583 -284.847
-11.2729 247.212
811.683 -15.09
34.3116 -404.462
-12.5454 -24.5476
225.28 40.9905
-248.949 -60.7448
-47.2358 -158.44
-31.2987 267.037
-70.8376 -134.15
-142.315 -22.238
9.67428 -22.3419
64.2643 -51.9982
-84.1029 -76.3146
-71.5032 -138.167
-50.3524 -282.698
-35.7328 -35.8801
93.5096 -92.5938
-90.9306 -49.5788
-154.496 -120.7
63.5178 113.759
-8.18248 9.39953
-68.857 -51.8539
-33.1404 179.201
106.58 -117.6
12.8351 -274.606
-30.2205 -30.5333
-91.983 -120.056
79.2256 17.4177
8.55057 19.1053
368.855 17.2359
-74.6087 -858.487
-186.191 -47.1411
128.412 94.9787
21.2061 33.093
63.6686 166.678
-8.09769 -821.087
-80.7431 -214.479
-115.107 -47.4631
-388.809 69.5008
-87.399 -186.646
59.0657 161.366
-105.075 -13.0777
-189.039 -23.9013
189.535 17.8603
11.1056 74.1225
-18.6319 -701.25
-85.2762 -229.53
66.3473 78.536
-16.6467 -929.576
184.613 -70.4822
-182.49 -85.1445
25.4898 -34.9358
-20.1741 -76.1452
267.422 114.648
-13.1642 -581.899
-40.9048 -479.297
43.7238 139.553
-396.36 -71.8137
446.07 44.8659
-34.0628 -80.6163
-61.7338 -35.8459
-86.6739 -118.749
201.764 133.923
20.635 -152.619
-317.478 -53.0641
-45.2695 -401.8
25.1335 285.291
-98.5856 -77.2006
-22.9892 25.449
16.6826 484.261
-225.646 -81.4883
-103.9 -1042.15
-10.0718 61.3472
-105.238 -32.5247
114.026 -96.6744
85.7569 -130.689
-60.4153 85.7252
310.778 25.5775
-232.222 -68.5091
-51.6001 -357.098
457.679 -0.797015
-61.6868 -66.3488
46.3087 280.77
-418.888 -35.2868
-418.945 -172.348
-100.508 78.7295
-57.6781 -76.1712
-97.1142 23.8546
121.498 98.5646
-102.756 15.0656
-14.8089 136.734
119.863 15.1751
1057.59 -41.6293
39.9746 -157.83
214.574 -152.52
-47.4616 -169.437
206.703 21.5303
-31.8464 -130.268
69.6743 47.8213
144.129 20.0451
36.03 51.1695
69.3071 59.213
12.0105 -77.614
-137.2 -214.466
86.7901 115.48
-42.3188 -116.153
-54.4758 -84.8208
267.054 90.3629
23.1687 -0.255098
310.336 76.168
152.527 48.6243
207.141 41.5808
-45.8287 -402.292
41.7899 -132.567
54.5539 -65.6966
148.32 13.6669
-124.642 52.3594
115.137 -3564.98
194.184 59.0365
54.5028 1.11055
-224.189 -286.963
34.0178 -1.76925
-124.36 -171.53
-36.4674 -235.097
-38.9586 -432.789
138.463 -176.981
188.777 -66.8896
37.1779 364.186
-454.643 -47.7974
47.6803 -12.1384
-51.187 -331.872
-419.804 -55.625
18.07 -61.7496
209.053 -16.2952
36.0592 77.2743
27.4236 413.092
70.34 123.575
88.3468 -52.5358
-4.44999 -101.57
-88.5573 -1.41684
-43.5027 -98.6974
-14.8803 -130.114
-39.3769 -695.836
-2.33989 -3708.45
7.51102 -110.042
74.3505 -329.923
140.225 -30.6639
27.3724 50.6408
40.391 73.6434
-69.5933 -120.417
-2.54058 -868.158
-35.272 -169.95
19.4212 -310.877
-127.258 140.337
-38.7415 -294.034
44.5316 153.116
79.5842 63.8023
-39.9034 -13.2612
-49.5401 -132.699
245.905 57.2407
83.8375 -98.2819
139.089 45.7115
139.896 27.8436
-30.3146 -309.073
-42.522 -398.186
-94.0378 -45.4797
53.0351 -132.804
-52.5731 -154.892
3.40554 77.5885
31.9108 54.4965
-1.98925 120.509
45.8589 188.221
93.7355 30.1475
29.4037 164.723
-28.5808 -31.9461
-124.797 -166.418
-211.02 -61.5059
-52.4838 -53.7111
9.38375 73.2028
-10.7745 -3817.82
35.5356 -78.6425
56.1716 -114.956
-213.631 -5.95971
48.5478 44.6123
-87.2133 -128.983
44.2853 80.8685
-165.004 -228.693
-106.729 -128.935
7.71601 -107.314
-32.1376 1150.78
-50.6468 -161.853
-198.174 7.21461
-419.173 -37.0726
259.037 41.3431
-30.9443 41.8627
961.409 -10.0535
-82.0638 -466.848
-13.0484 -186.156
-5.62062 -1740
-4.62749 -120.935
-3.61133 98.9196
72.2535 40.3231
-723.125 63.2656
184.893 70.3499
-40.7355 -196.834
-7.26747 -1864.25
12.7546 9.01866
22.7934 46.2109
261.463 57.8067
-88.1919 -38.9834
97.8225 223.587
24.5472 113.292
-51.0286 -357.218
-35.6299 -10.8045
-49.0994 135.63
1.66886 -1596.81
-47.6167 -27.1204
-34.4972 -316.515
-108.536 250.602
282.567 49.0352
-686.675 -86.7669
-18.5839 -947.983
-6.47233 -20.647
270.27 -226.733
37.9013 -164.151
469.163 -64.4394
-144.639 -186.885
97.8795 -8.36757
372.499 15.5851
-17.9134 -1251.46
23.2345 278.372
-141.163 -167.155
103.754 108.149
13.7742 -7.86589
57.1015 163.203
-11.8023 -108.917
-223.628 -115.653
-24.403 -88.4725
29.891 -284.578
-399.933 -60.802
-29.1657 -400.33
-289.638 -80.2697
-56.6984 -71.6546
-94.8695 -106.859
-23.2879 -17.0811
91.2492 -30.511
23.874 969.274
1.55487 -2184.64
-70.5016 -291.843
-109.048 -53.6129
81.8984 83.494
-41.4061 -677.778
-461.862 -27.2976
21.7291 114.489
21.2174 0.993823
115.382 11.6502
-3.06905 -3010.73
-125.159 -48.7526
-31.7564 -288.432
-75.0191 -245.89
18.6993 -105.252
-64.6737 30.6047
-13.5581 -169.027
8.99549 1027.72
8.19737 55.2203
-61.1998 -24.8964
36.6854 -119.507
157.3 45.6327
4.6942 47.2585
21.7388 26.3923
16.9604 -161.612
-43.8611 -20.8973
-45.8377 -387.147
391.398 -1001.5
7.18215 -11.2974
14.6141 -55.1015
-62.9281 -204.872
125.957 -80.7583
23.5754 376.644
25.3758 6.6864
65.7148 88.8645
119.922 50.1978
149.311 120.648
-22.458 -768.981
-24.7108 39.4068
140.093 112.362
22.929 -37.8119
-1268.9 -71.2598
-64.8866 -227.126
-75.4108 -200.463
138.631 105.997
-64.5572 -49.581
-169.804 -129.643
156.768 99.7376
-365.173 -60.0486
-78.6324 106.863
181.247 -608.581
125.822 -110.156
-3.8467 -2230.36
16.3479 -58.2512
-33.6653 -9.56293
-134.833 -4.09168
-13.5984 -125.768
-163.422 -85.0914
104.824 187.093
-51.7913 -149.056
46.0048 86.0138
-196.342 -147.889
-33.927 -587.743
-2.13664 -677.038
-28.9609 -320.224
-298.999 94.4693
-49.6846 -194.442
-58.7004 -283.461
86.2295 114.789
105.656 -101.183
-66.5476 -148.917
-2.74533 -1030.89
-111.878 -322.142
-20.3987 40.5531
75.5437 28.693
-42.1643 249.209
-106.782 243.586
-410.763 -148.776
-233.754 165.736
-31.8287 -86.689
32.6958 -27.6631
-63.5611 -3.13253
-83.8735 -246.774
-67.4371 -64.5766
-68.5546 -268.394
6.79576 -220.224
97.2361 120.015
-2.78507 -3290.29
197.692 -32.7751
513.97 8.98665
-116.102 176.8
48.6276 68.6074
-1540.89 -323.368
-28.3023 -651.551
15.1483 130.129
-87.8781 26.6993
-257.462 45.2963
1739.26 -30.972
-856.918 -120.888
-174.512 -364.114
-270.456 -4.33724
716.305 5.08795
26.9315 -16.0742
-57.3166 -81.1438
144.635 169.007
52.7482 334.812
84.845 -17.6152
-16.7759 21.429
-187.988 -439.429
157.055 145.542
34.4299 55.3998
-584.689 -79.6498
-5.54853 -114.33
54.9191 64.0408
-2.37695 146.082
164.928 125.214
21.0556 21.5536
-26.1652 -699.533
-264.559 -60.6562
-151.774 -65.486
40.8519 -128.627
-60.4772 -304.269
-43.6786 -385.179
54.0822 -25.7307
-316.248 -68.7322
-52.6468 -968.494
-38.9656 -3.16149
90.792 168.779
-37.8253 -882.353
-117.248 -16.3058
-179.815 -127.057
-100.832 -127.338
233.109 35.6904
17.3093 -27.546
-2.97383 14.7374
41.1912 -32.3475
350.105 -122.66
-25.3022 -16.4179
55.0893 115.186
99.2331 36.2813
52.7798 -71.1721
-70.5533 -199.196
-2.98917 -42.2092
54.4476 -209.514
12.5669 332.33
-44.0725 25.7585
-601.88 -155.287
-34.2857 -71.5901
7.617 -128.142
-88.8378 -184.557
34.7935 320.141
15.3038 10.4564
686.699 -145.952
67.1973 253.104
13.2946 928.719
161.404 24.2485
-231.465 -129.406
-31.4338 153.775
23.5871 24.3506
-114.249 -59.1825
-36.8534 28.2933
-18.9 -76.2536
101.771 -49.3731
-400.56 -23.8062
110.237 -19.3321
327.197 2.93787
-211.944 -88.6863
-15.3602 32.5625
429.267 23.5856
147.421 -356.48
73.8143 152.285
1.90214 -1986.13
-58.5298 -463.645
-88.0524 -326.355
-120.735 -231.647
-204.44 -46.9089
34.4547 23.481
-221.312 -113.587
167.403 99.2932
-71.6683 -121.463
-86.657 -7.62554
5.1297 73.514
14.4828 -17.9329
-122.373 15.4895
-3.23989 -236.152
150.547 81.5723
-17.8271 -115.44
73.849 13.8803
-79.3428 -294.213
-94.6413 -281.796
-2.19008 -3826.71
-36.6887 50.9588
-85.297 -81.7006
44.676 1213.69
-25.4666 50.5755
3.79875 -882.302
14.9361 -610.913
39.7937 94.6022
45.0616 -65.0648
25.6362 68.5802
167.815 -3725.35
-209.702 -115.247
72.7587 180.017
-40.8161 -164.952
-234.667 -38.2056
397.042 11.2017
-66.5524 -130.053
83.7301 29.5732
-16.4176 -128.49
-2751.36 -23.0605
-96.4623 -58.9258
-51.0766 -40.3905
-85.9976 -87.7266
-14.474 -85.603
-252.924 -73.285
-68.1794 -300.163
-33.49 -316.734
282.916 55.6664
21.5263 -38.1821
-2.61061 -175.487
-43.7769 -411.838
-52.2684 -38.4985
32.5884 619.161
57.1573 198.372
-482.274 -279.198
265.304 -292.891
-58.2982 -125.269
139.085 18.3402
-27.1029 49.5471
-98.3101 90.141
132.481 -275.209
-554.215 -37.1969
89.2007 165.425
-154.36 -5.74978
191.08 -557.948
-10.2882 -4.62814
-90.0454 -238.768
-79.4193 -86.3274
35.4702 72.7461
-45.2245 -187.705
45.1918 55.6366
81.3491 64.9233
-77.4221 -251.488
36.7883 48.6994
-62.636 -117.07
-21.9384 -235.458
-22.5073 -162.801
612.676 17.5925
10.0464 -635.104
45.4268 107.891
-50.3756 -124.272
194.257 11.4537
-2195.34 -128.704
563.408 -5.7472
-140.393 -125.345
-30.6084 -307.661
68.4885 260.582
182.887 61.6516
69.7752 76.1066
-333.864 -78.1844
60.1599 -13.9601
-113.082 41.2893
-25.7212 -1257.73
-44.2793 -103.29
166.162 67.8469
83.7253 -76.9876
0.907569 -32.8623
-24.9908 27.1657
-288.799 -82.9729
40.9081 43.1042
625.593 -80.3696
11.1534 -7.39788
-24.5168 -477.751
-28.7747 -61.3787
134.836 -13.6482
-294.586 -13.9101
228.828 -273.905
47.9748 -36.1102
67.3188 -57.9515
-18.3413 -311.026
273.553 -166.457
11.8783 122.667
-0.483178 -587.638
60.869 21.9016
92.4847 56.9328
91.9591 -23.243
-58.7864 -57.9321
6.37426 -58.1522
-3.04465 -156.877
-47.0779 -274.713
15.615 -4027.21
125.221 -192.694
-79.6498 -216.72
-69.8306 -73.1322
91.3043 72.5695
119.432 157.581
-2.08836 -45.2612
-123.928 -39.0835
-5.40312 -76.3022
-285.743 -11.6474
36.2957 -159.534
-1.05773 40.0079
254.907 -19.4903
409.397 74.7415
-409.597 -161.222
-18.8249 -910.133
-83.0153 -41.4254
42.0113 -7.71947
10.5318 71.9613
-4.15548 1296.19
104.198 74.5044
0.415429 -738.641
139.122 -21.2121
7.41455 -12.9331
-19.9907 87.4496
-63.4866 -301.51
157.295 29.6946
43.1812 429.12
213.204 3.81167
1.19098 -2661.12
2.07389 55.8173
-273.202 -172.503
17.431 -37.6116
-68.9722 -127.327
-6.50053 160.301
-170.027 -111.503
-277.811 -110.366
160.47 -123.622
-101.962 -227.618
-22.8222 -644.818
-2.28302 -3634.39
-170.754 -121.878
14.8571 29.9887
-129.004 -79.9704
46.8446 310.334
18.6282 80.0375
30.966 -79.1414
75.1726 106.592
-105.992 -864.839
58.1589 39.3853
85.7008 72.3169
-41.4693 -232.281
-105.72 -72.1147
-4.92681 -507.566
56.4818 81.3755
-82.1577 -120.158
-175.174 252.804
177.432 -209.093
0.790498 -67.5837
36.6267 -41.9811
-48.034 -88.8592
-12.7892 -1016.8
-93.2739 -96.6008
-165.921 -122.526
-6.43077 0.102283
-255.409 -33.9672
63.5637 24.7441
19.1796 -78.8884
46.0018 18.6643
-74.8903 -148.545
-52.2319 71.1367
-24.1789 -130.55
-40.3167 -100.216
-30.4547 -190.581
25.9094 184.195
-26.0068 -148.467
72.7566 211.091
-103.562 -243.481
165.652 3.95595
-177.711 -374.663
107.49 119.916
-112.835 -79.2505
-199.95 -81.4299
12.8035 -68.1419
-195.071 -81.6093
-76.6479 -110.111
-87.8728 -179.611
-69.0891 -222.406
-154.199 -94.3836
-72.3044 0.487854
0.144113 57.0466
-100.786 -92.6414
142.25 -149.146
-1155.33 -30.7807
-9.21302 -1641.01
-303.517 -72.0327
634.661 -49.3008
186.163 47.6632
-97.3494 -133.971
-63.9953 -55.6442
-211.302 -132.739
-49.5892 -380.004
77.8371 6.19444
70.94 473.169
-20.9509 -854.79
-15.5482 -147.731
-5.35819 -36.2115
-79.455 -237.697
-77.3815 -136.401
-117.249 -139.643
-12.1429 -68.4337
-216.337 -237.874
80.456 26.6746
-11.7216 -1231.07
-50.0988 -378.592
-0.115222 27.3397
86.5276 105.262
124.806 88.8622
-100.067 -161.689
62.8917 58.7333
777.97 -48.5124
74.517 41.1316
97.0337 -54.1916
-5.67435 -90.3672
387.574 28.9147
-2.86278 -4.45579
53.159 36.9449
47.1276 32.4695
-37.5211 -425.671
8.79894 -66.7273
-365.81 -209.937
-44.0366 -255.817
-59.3523 178.379
8.65451 -6.24157
127.282 61.4406
-382.171 -54.9089
-44.9517 -63.4974
-55.2882 -191.086
50.102 -205.92
-142.514 -142.591
-17.3664 -432.458
-40.7568 30.103
53.8095 16.8713
1.38865 -2643.61
20.8768 -49.1832
-247.712 -84.6876
64.5643 47.3285
-165.735 -51.593
-18.9221 878.781
87.8104 111.387
5.15421 1007.27
20.2067 -87.4717
103.305 -195.882
129.321 201.692
-102.366 -83.865
81.179 -8.96485
161.233 86.5015
-42.1766 65.6151
-32.6283 -343.653
21.4004 325.334
28.6465 217.6
-85.4556 -41.7044
-30.6975 -218.206
-26.1626 -20.4396
-57.6745 -145.84
89.5335 39.768
-170.074 -31.4646
-33.4858 -108.216
59.2161 -11.7246
163.199 38.9368
-117.213 -121.406
-195.578 -589.48
-396.975 -53.0789
16.9244 -142.641
10.7453 218.111
0.210224 119.284
-0.340035 8.1912
-123.296 -97.7449
70.5236 20.4249
-121.463 14.7591
82.0783 165.667
-11.4894 -1606.62
-6.06017 19.8715
-168.123 -28.3804
-35.0882 -58.5871
-151.427 32.9879
470.442 76.6895
52.105 -49.8158
-234.373 -199.092
16.1781 -109.729
-25.7868 107.9
536.105 -35.0086
-4.99258 -2153.1
202.815 -38.9069
-41.1045 -421.74
-130.999 -39.769
-51.1899 -57.6175
-422.423 -134.647
48.9628 -3.05432
206.483 68.5109
-241.492 -62.6237
31.8243 162.42
-101.899 -40.74
-7.93066 -90.0822
306.858 -377.486
36.6852 -268.757
112.617 82.9432
-114.216 -146.751
-11.1433 -38.87
-321.537 -60.1975
52.3048 -160.893
106.229 20.9115
26.6677 -4145.22
-382.316 -562.307
27.7591 45.8972
-292.638 -301.503
-36.6599 -23.0026
24.7294 -40.51
69.8807 37.5708
-1.1972 -25.659
19.0723 6.2912
-36.1855 -37.0577
87.8985 114.63
-45.9388 -122.571
-525.433 -11.1652
35.95 307.937
-82.0618 -33.9757
30.2041 7.45884
105.847 -353.347
-868.889 -34.4875
19.6684 8.95308
-221.682 -462.686
298.625 116.262
-34.5486 -10.1694
-160.047 -52.7025
47.2269 -48.7449
143.19 71.5232
-322.957 -59.2939
11.7616 47.8945
310.07 -35.4177
80.4801 239.688
272.464 74.4617
-140.075 -150.243
126.959 -17.8231
-15.7401 60.2454
6.98423 -150.951
-113.737 -97.0488
73.8592 109.691
85.6784 186.88
-18.264 -594.979
21.0612 -3648.22
-506.462 -72.5177
1.00291 -321.002
-4.81268 -1496.82
154.585 -754.422
-17.273 -744.114
-44.4861 26.5039
13.9143 78.1059
82.7925 -18.0948
